X;3702,3325,3330
25;3702,3325,4033,4032,3860
;3843,3844,3845
X;3229,3226,1715,3212,3239,3236
25;3229,3232,3848
6;3735
T;3735,3744

X;4031,3706,3707,4036,3205
25;3311,3310,3203
;3210,3237,3234,3752,

X;3705,3708,3711,1620,3333,3317
25;3705,3315,3314,3317
;3308,3319,3316,3321,3318,3323
3320:X
3320:25

X;3223,3224,3846,3315,3314,3338,3235

X;3241,1716,3227,3228,3309
25;3842,3707,4036,3309

;3300,3201
X;3204,3864,1717
25;3204,3226,3333,1715,3212
3214
X6;3211
T;3211,3213
3256

X;3253,1714,3225,1718,3233
25;3251,3250,1716,3332,3227,1718,3338,3233

X;3222,3331,3332,3335
25;3222,3229,3236

X;3313,3312,3203,3208,3735,3744


1:6,7:1
1:5:5
3:5:4
4:6,7:4
3:6:5
3:7:2
4:5:9
9:6:9
9:7:5
8:5:2
8:6:2