3702
3325
X;3205,3210, 3237,3734,3309
25;4033,4032,3860,3843,3844,3845,3229,3232,3848
6;3735
T;3735,3744

;3300,3201
X;3204,3313,3312,3203,3208,3235
25;3204

X;3241,1716,3332,3335,1717
25;3226,3333,1715,3212
3214
3211:X6
3211:T
3213:T
3296:T

X;3293,1714,3330,3225
25;3291,3250,1716,3332,3227
;1718,3338,3233

X;3222,3843,3844,3845,3846,3315,3314,3317,3308,3319,3316,3321,3318,3323,3320
25;3222,3239,3236

X;3223,3224,3229,3226,3333,1715,3212,3239,3236
25;3311,3310,3203,3210,3237,3234,3309

X;4031,3706
25;3842
;3707,4036
X;3227,3228
;3752

X;3705,3708,3735,3744
25;3705,3315,3315,3314,3317,3308,3316,3321,3318,3323,3320



8:6,7:7
6:6,7:2
1:6,7:1