lm=Liptovský Mikuláš
za=Žilina
zw=Zwardoń


3440:1,0304,0205,0905,0607,3008,0211,-0204:lm;346,za;514
3409:X,-0207,-0307,-0407,-0507,-0607,-0707,-0807,-0907,-1007,-1107,-1207,-1307,-1407,-1507,-1607,-1707,-1807,-1907,-2007,-2107,-2207,-2307,-2407,-2507,-2607,-2707,-2807,-2907,-3007,-3107,-0108,-0208,-0308,-0408,-0508,-0608,-0708,-0808,-0908,-1008,-1108,-1208,-1308,-1408,-1508,-1608,-1708,-1808,-1908,-2008,-2108,-2208,-2308,-2408,-2508,-2608,-2708,-2808,-2908,-3008,-3108:za;625,lm;813
3418:X,-0207,-0307,-0407,-0507,-0607,-0707,-0807,-0907,-1007,-1107,-1207,-1307,-1407,-1507,-1607,-1707,-1807,-1907,-2007,-2107,-2207,-2307,-2407,-2507,-2607,-2707,-2807,-2907,-3007,-3107,-0108,-0208,-0308,-0408,-0508,-0608,-0708,-0808,-0908,-1008,-1108,-1208,-1308,-1408,-1508,-1608,-1708,-1808,-1908,-2008,-2108,-2208,-2308,-2408,-2508,-2608,-2708,-2808,-2908,-3008,-3108:lm;1229,za;1405
4474:X:za;1448,zw;1610
4477:X:zw;1642,za;1813
3439:5,2903,3004,0705,0407,2808,3110,-3003:za;2150,lm;2327