lh=Liptovský Hrádok
lm=Liptovský Mikuláš
rk=Ružomberok
za=Žilina
ca=Čadca
sk=Skalité
ss=Skalité-Serafínov


103990vložsv:X:ca;311,sk;342
3996sv:X:sk;530,ss;537
3955:X:ss;543,za;716
3910:X:za;948,ca;1026
3919:X:ca;1135,za;1213
3916:X:za;1248,ca;1326
3925:X:ca;1435,za;1513
1753:X:za;1608,rk;1703

3440:vX,-0607,-3008,-0211:rk;411,za;514
3407:X,-0207,-0307,-0407,-0507,-0607,-0707,-0807,-0907,-1007,-1107,-1207,-1307,-1407,-1507,-1607,-1707,-1807,-1907,-2007,-2107,-2207,-2307,-2407,-2507,-2607,-2707,-2807,-2907,-3007,-3107,-0108,-0208,-0308,-0408,-0508,-0608,-0708,-0808,-0908,-1008,-1108,-1208,-1308,-1408,-1508,-1608,-1708,-1808,-1908,-2008,-2108,-2208,-2308,-2408,-2508,-2608,-2708,-2808,-2908,-3008,-3108:za;558,lh;740
3409:0207,0307,0407,0607,0907,1007,1107,1207,1307,1607,1707,1807,1907,2007,2307,2407,2507,2607,2707,3007,3107,0108,0208,0308,0608,0708,0808,0908,1008,1308,1408,1508,1608,1708,2008,2108,2208,2308,2408,2708,2808,3008,3108:za;625,lm;813
3420:X,-0207,-0307,-0407,-0507,-0607,-0707,-0807,-0907,-1007,-1107,-1207,-1307,-1407,-1507,-1607,-1707,-1807,-1907,-2007,-2107,-2207,-2307,-2407,-2507,-2607,-2707,-2807,-2907,-3007,-3107,-0108,-0208,-0308,-0408,-0508,-0608,-0708,-0808,-0908,-1008,-1108,-1208,-1308,-1408,-1508,-1608,-1708,-1808,-1908,-2008,-2108,-2208,-2308,-2408,-2508,-2608,-2708,-2808,-2908,-3008,-3108:lh;1338,za;1517
3420:0207,0307,0407,0607,0907,1007,1107,1207,1307,1607,1707,1807,1907,2007,2307,2407,2507,2607,2707,3007,3107,0108,0208,0308,0608,0708,0808,0908,1008,1308,1408,1508,1608,1708,2008,2108,2208,2308,2408,2708,2808,3008,3108:lm;1350,za;1517
3956:X:za;1548,sk;1657
104477pk:X:sk;1712,ca;1732
3935:X,-2712,-2812,-2912,-3012,-3112,-0101,-0201,-0301,-0401,-0501:ca;1935,za;2013
3936:X,-2712,-2812,-2912,-3012,-3112,-0101,-0201,-0301,-0401,-0501:za;2148,ca;2226
3417:25:za;1043,lm;1211
3422:25:lm;1348,za;1517
3986:25:za;1648,ca;1726
3985:25:ca;1835,za;1913