2833:X,-2312,-2712,-2812,-2912,-3012
X;1602,1607,1606,1611,1610,1615,1614

3401:25
3401:X
;3408,3409,3416,3417,3424,3425,3432,3433
2842:10

2851:11
2850:25,-2512,-0101
2852:X
2831:11
;3406,3407,3414,3415,3422,3423
10;3430,3431,2840
2412,3112;3430,2955

X;1600,1601
3403:25
;2839,3410,3411,3418,3419,3426,3427
2836:25
2847:25,-2412,-3112

;3402,3405,3412,3413,3420,3421,3428,3429,2838
2847:25

3400:X,-2312,-2712,-2812,-2912,-3012
3400:2312,2712,2812,2912,3012
X;1603,1604,1609,1608,1613,1612,1617,2836


6:6,7:6
6:5:2
5:6:2
5:7:1
1:5,6:1