X;9703,9722,9725,9726,9729,9672,9673
19696sv:X:Kralupy nad Vltavou;13:06,Roudnice nad Labem;13:47
119612pk:X:Roudnice nad Labem;14:05,Straškov;14:27
X;12380,12383,12382,9733,9716
25;9705,9728

X1;9600
19503
X;19405,19404
19405:25:Neratovice;5:33,Brandýs nad Labem;5:59
19402:25:Brandýs nad Labem;6:02,Neratovice;6:27
;19409,19408,19411,19410,19417
X;19416,19421,19420,19425,19424,19429,19428,19433,19432,19437,19436
25;19416,19419,19418,19425,19424,19427,19426,19433,19432,19435,19434

X;19401,19400
25;19400
19502
X;19505,19504,20310,20309
25;9724,9729
9706
9713
9730:X
25;19525,19524,19527,6988
6927:6
6927:T

9721:X
109700pk:X:Kralupy nad Vltavou;5:49,Zlonice;6:38
12381:X
19609:X:Straškov;7:24,Roudnice nad Labem;7:50
X;19632,19631,19606,19611,19608,19615,19634,19633,19612,19617,19614,19621,19616,19641,19650,19635,19618,19623,19636
25;9701,12161,12160,12165,12164,12169,12168,12173,12172,12177,12176,12181,12180,12185,12184

X;19601,19630,19651,19640,19605,19602
119609pk:X:Bříza obec;7:19,Roudnice nad Labem;7:50
106981sv:X:Roudnice nad Labem;7:52,Nelahozeves;8:20
6981:X:Nelahozeves;8:26,Kralupy nad Vltavou;8:33
X;9728,9731,9710,9715,9718,9719,19529
T;19607,19604,12301
112301sv:T:Vraňany;9:19,Kralupy nad Vltavou;9:32
112314sv:T:Kralupy nad Vltavou;10:14,Vraňany;10:26
T;12300,19613,19610,12303,12302,19619,19616,12305,12304,19623,19620,19637,19622

19500:X6
9700:X
9702:25
;9707,20316,20315
X;19519,9770
25;9770
;20319,20320,20321,20322,20323,20324,20325,20326,20327,20328,20329,9732,9737,9734

X;9750,9705
25;9723,9771,19508
;19511,19413,19412,19415,19414
X;19419,19418,19423,19422,19427,19426,19431,19430,19435,19434,19443
25;19421,19420,19423,19422,19429,19428,19431,19430,19441

19403
19402:X
X;19407
119402:25:Čelákovice;5:37,Brandýs nad Labem;5:55
119405:25:Brandýs nad Labem;6:00,Čelákovice;6:17
25;19404,19407
;19406,19510,19513,19512
X;19515,19514,20318,20319,19521,19520,19523,19522,19525,19524,19527,6988
6927:X1234
6927:X5
25;19517,19516,9714,9717

9600:X2345
X;20300,20301,20302,20304
25;20306
20305
X;20308,9771,19508,20312,20311,20314,20313,9708,9711,9714,9717
25;12163,12162,12167,12166,12171,12170,12175,12174,12179,12178,12183,12182,12187,12186,20330,20331,20332,20333

X;9670,12351,12350,12353,12352,9671,19507,19506,19517,19516,9674,12355,12354,12357,12356,12359,12333,12345,12322,12323,12324,19637,19622
25;20310,20309,20312,20311,20314,20313,9710,9715,9718,9719
19529:T

X;12311,12310,12313,12312,12315,12340,12341,12342,12301
6;19603,19600,19607,19604,12301
112301sv:X6:Vraňany;9:19,Kralupy nad Vltavou;9:32
112314sv:X6:Kralupy nad Vltavou;10:14,Vraňany;10:26
X;12314,12303,12316,12317,12302,12343,12318,12319,12320,12321,12358,12361,12360,9675,9676,12363,12362,9677,20330,20331,20332,20333,20334,20335
6;12300,19613,19610,12303,12302,19619,19616,12305,12304,19623,19620

X;9720,9723,9724,9727
;9704,9709
X;9712,9761,9735
25;20318,20317,19521,19520,9716


1:1,2,3,4,5:1
1:6,7:4
3:6,7:2
5:6:5
4:1,2,3,4:11
4:6:6
4:7:12
5:7:11
10:6:12
10:1,2,3,4:5
10:7:6
11:6:11
11:7:5
12:1,2,3,4,5:2