X;11502,11509,11514,11521,11526,11533,11538,11545,11550,11557,11562,11567
25;11504,11513,11520,11529,11536,11545,11552,11561,11564

X;11504,11511,11516,11523,11528,11535,11540,11547,11552,11561,11564
25;11505,11512,11521,11528,11537,11544,11553,11560,11565

X;11505,11510,11517,11522,11529,11534,11541,11546,11533,4915,4936,4939
25;11509,11516,11525,11532,11541,11548,11557,11562

X;4920,4601,4642,4905,4910,4933,4932,4623,4604,4629,4632

X;11500,11507,11512,11519,11524,11531,11536,11543,11548,11555,11560,11565,11566

;11501
X;11506,11513,11518,11525,11530,11537,11542,11549,11554
25;11508,11517,11524,11533,11540,11549,11556,11563,11566

X;11503,11508,11515,11520,11527,11532,11539,11544,11551,11556,11563
6;4641
25;4618,4905,4910,4617,4604,4913,4918
6;4637
T;4917

X;4611,4616

X;4917
X5;4666,4658

X1;4660
X;4900,4901,4906,4613,4622,4619,4624,4605,4630
X5;4637

X;4641,4614,4925,4924,4615,4602,4625,4628,4638
T;46014906,4613,4622,4909,4914,4605,4632,4939,4667

X;4610,4603,4620,4931,4930,4909,4914,4627,4644
817:X:Brno hl.n.;20:36, Břeclav;21:19
25;4600,4603,4620,4907,4912,4623,4630,4915,4936
6;4939,4667

816:X6:Břeclav;6:40, Brno hl.n.;7:24
6;4903,4908,4615,4602,4911,4916
817:T:Brno hl.n.;20:36, Břeclav;21:19



1:5:1
1:7:7
2:5:2
2:6:1
2:7:5
3:6,7:6
3:5:7
4:5:10
5:5:3
6:5:6
6:7:3
7:7:4
7:6:7
7:5:9
9:6:9
9:7:11
8:7:1
8:5:8
8:6:4
4:7:9
9:5:4
4:6:13
10:5:12
11:5:11
11:6:5
5:7:12
11:7:10
12:6:12
12:7:8
13:5:5
5:6:10
10:7:1
13:7:1
13:6:8