X;4641,4614,4927,4926,4619,4624,4631
6;4938

X;4610,4613,4622,4621,4626

X;4921,4618,4929,4928,4625,4628,4917
X5;4666,4658
T;4611,4939,4667

X1;4660
X;4900,8746,8355,14872,8367,8372
5932:zX

X;8345,8358,8755,4605,4630
X1234;4637
X5;4637
T;4641,4662,4612,4613,4622,4623,4630,4637

X;4612,4925,4924
X1234;4933,4932,4627,4644,970
X5;4617,4934,4629,4632,4939
6;4600,4905,4910,4911,4916,4917

X;973,4050,4051
X5;970
6;4641,4618,4615,4602,4605,4632
T;4603,4620,4617,4604,4633,4938

X;4021,4042
4938:X1234:Brno hl.n.;2301,Tišnov;2337
T;4908,4909,4914,4915,4936

X;4611,4616
X1234;4931,4930,4623,4604,4915
X5;4615,4602,8766,14869,8373
4917:T

X1234;4920,4923,4922,4615,4602,8766,14869,8373
X5;4600,4905,4910,4911,4916

X;8342,8347,8354,8357,8366
6;4908,4909,4914,4915,4936

X;8743,4903,4908,4909,4914
T;4601,4906,4907,4912,4913,4918

X;4601,4642
6;4601,4906,4907,4912,4913,4918
T;4903,4908


2:67:2
3:6:1
1:67:3
4:56:4
3:5:5
5:6:8
6:6:5
7:5:8
8:6:6
6:7:6
7:6:7
8:5:11
10:6:6
12:6:11
13:6:13
13:5:0