X;3702,3331,3332
25;3702,3331,4033,4032,3860
;3843,3844,3845
X;3229,3226,1717,3212,3239,3236
25;3229,3232,3848
3735:6
3735:T
3744:T

X;4031,3706
25;3842
;3707,4036
X;3205,3210,3237,3234,3325
25;3752

X;3312.3201,3204,3752

X;3705,3708,3711,1620,3335,3336,3235
3705:25
25;3203,3210,3237,3234,3325

X;3241,1716,3227,3228,3233
25;3312,3221,3201,3204,3226,3335,1717,3212,3214
3211:6
3211:T
3213:T

X;1714,3225,1718,1719,3214,3211
25;3250,1716,3334,3227,1718,3338,3233

3222:X
3333:X
3334:X
3337:X
3222:25

3311
3314
3313:X
3316:X
3315
3318
3317
3320
3319
3322
3321
3324
3323
3326

X;3223,3224,3846,3203,3208,3735,3744


1:67:1
2:5:5
2:67:4
4:5:9
9:6:9
9:7:5
4:7:3
7:67:2
8:56:8