113403pk:X,-2712,-2812,-2912,-0201
13403:25,2712,2812,2912,0201,-2512,-0101
13402:11
213407vlož:X,-2712,-2812,-2912,-0201:Opava východ;6:42, Dolní Benešov;7:09
113407pk:X,-2712,-2812,-2912,-0201:Dolní Benešov;7:11, Hlučín;7:20
13407:25,2712,2812,2912,0201
13406:11
13411
13410
13415
13414
101126pk:X,-2712,-2812,-2912,-0201:Opava východ;12:28, Krnov;12:56
3469:X,-2712,-2812,-2912,-0201
13423
113422pk:X,-2712,-2812,-2912,-0201
13422:25,2712,2812,2912,0201
13429:X,-2712,-2812,-2912,-0201
13428:X,-2712,-2812,-2912,-0201
13433:X,-2712,-2812,-2912,-0201
13432:X,-2712,-2812,-2912,-0201
13437:X,-2712,-2812,-2912,-0201
13436:X,-2712,-2812,-2912,-0201
13427:25,2712,2812,2912,0201
13426:25,2712,2812,2912,0201
13431:25,2712,2812,2912,0201
13430:25,2712,2812,2912,0201
13435:25,2712,2812,2912,0201
13434:25,2712,2812,2912,0201
13439:25,2712,2812,2912,0201
13438:25,2712,2812,2912,0201