13403:X,-2712,-2812,-2912,-0201
113402pk:X,-2712,-2812,-2912,-0201
13407:X,-2712,-2812,-2912,-0201
113406pk:X,-2712,-2812,-2912,-0201
13401:6,2712,2812,2912,0201
13400:6,2712,2812,2912,0201
3441:T,-2512,-0101
3442:T,-2512,-0101
23452:6,2712,2812,2912,0201
23453:6,2712,2812,2912,0201
23454:25,2712,2812,2912,0201,-2512,-0101
23455:25,2712,2812,2912,0201,-2512,-0101
23456:25,2712,2812,2912,0201
23457:25,2712,2812,2912,0201
23458
23459
23460
23461
23462
23463
23464
23465
23466
23467
23468
23469
23470
23471
23472
23473
23474
23475
23476:10
23477:10
23478:10
23479:10
23480:10
23481:10
3449:10
3372:10
13378:XT,-2412,-3112

13351:X6
13352:X,-2712,-2812,-2912
13353:X,-2712,-2812,-2912
13354:X6
13355:X6
13356
13357
13358
13359
13360
13361
13362
13363
13364
13365:X,-2712,-2812,-2912
13366:X,-2712,-2812,-2912
13367
13368
13369
13370
13371
13372
13373
13374:10
13375:10
13376:10
13377:10
21969sv:z25,-2412,-3112:Suchdol nad Odrou;23:32, Studénka;23:43

28951sv:X,-2712,-2812,-2912:Suchdol nad Odrou;3:27, Studénka;3:38
X,-2712,-2812,-2912;23300,23301,23302,23303,23304,23305
X6;23306,23307
23308
23309
X6;23310,23313
23312
23315
23314
X,-2712,-2812,-2912;23317,23316
23319
23318
X,-2712,-2812,-2912;23321,23320
23323
23322
23325
23324
23327
23326
23329
23328:10
23331:10
23330:10
23333:10
23332:10
23335:10
3450:10

X,-2712,-2812,-2912,-0201;13451, 13448,13453,13452,13455, 13454,13457,13456,13459,13458,13461,13460,13463,13462,13465,13464,13467,13466,13469,13468,13471,13470,13473,13472,13475,13474,13477,13476,13479,13478,13481,13480,13483,13482,13485,13484,13487,13486,13489,13488
3441:6
3442:6
25;13405,13404,13409,13408,13413,13412,13417,13416,13421,13420,13425,13424,13429,13428,13433,13432,13437,13436