23450:X
23451:X
23452:X6
23453:X6
23454
23455
23456
23457
23458
23459
23460
23461
23462
23463
23464
23465
23466
23467
23468
23469
23470
23471
23472
23473
23474
23475
23476
23477
23478
23479
23480
23481
3449
3372
13378:XT

13351:X6
13352:X
13353:X
13354:X6
13355:X6
13356
13357
13358
13359
13360
13361
13362
13363
13364
13365:X
13366:X
13367
13368
13369
13370
13371
13372
13373
13374
13375
13376
13377
21969sv:z25:Suchdol nad Odrou;23:32, Studénka;23:43

28951sv:X:Suchdol nad Odrou;3:27, Studénka;3:38
X;23300,23301,23302,23303,23304,23305
X6;23306,23307
23308
23309
X6;23310,23313
23312
23315
23314
X;23317,23316
23319
23318
X;23321,23320
23323
23322
23325
23324
23327
23326
23329
23328
23331
23330
23333
23332
23335
3450

X;13401,13400
25;13405,13404,13409,13408,13413,13412,13417,13416,13421,13420,13425,13424,13429,13428,13433,13432,13437,13436